0 5.1553
1 5.22659
2 5.31569
3 5.4008
4 5.4889
5 5.54595
6 5.6792
7 5.70452
8 5.78308
9 5.9732
10 6.05814
11 6.14691
12 6.23946
13 6.32021
14 6.37071
15 6.48992
16 6.48928
17 6.72579
18 6.74505
19 6.76737
20 6.86283
21 6.93836
22 7.01466
23 7.2293
24 7.23658
25 7.27005
26 7.3297
27 7.4276
28 7.54786
29 7.60732
30 7.81269
31 7.64585
32 7.81157
33 7.87711
34 7.91099
35 7.9638
36 7.96564
37 7.96857
38 7.96878
39 8.07986
40 8.03866
41 8.00209
42 7.99682
43 7.99532
44 7.93629
45 7.91686
46 7.82752
47 7.75831
48 7.68383
49 7.63688
50 7.47261
51 7.36766
52 7.2191
53 7.07123
54 6.92506
55 6.77574
56 6.58755
57 6.41279
58 6.27148
59 6.05021
60 5.84443
61 5.64613
62 5.4383
63 5.26431
64 5.03633
65 4.86584
66 4.66709
67 4.53365
68 4.2944
69 4.10252
70 3.91021
71 3.75164
72 3.69706
73 3.40362
74 3.25005
75 3.05445
76 2.90618
77 2.76754
78 2.60146
79 2.48327
80 2.29492
81 2.22299
82 2.00517
83 1.8513
84 1.70591
85 1.56832
86 1.44942
87 1.3027
88 1.17931
89 1.06764
90 0.961423
91 0.845194
92 0.735378
93 0.625229
94 0.545859
95 0.445843
96 0.372744
97 0.296307
98 0.209284
99 0.109792
100 0.000476837
