0 1.57092
1 1.58265
2 1.59039
3 1.59166
4 1.59175
5 1.58582
6 1.58708
7 1.61285
8 1.59447
9 1.59693
10 1.56181
11 1.58355
12 1.58195
13 1.63023
14 1.58947
15 1.54598
16 1.598
17 1.56219
18 1.57247
19 1.56164
20 1.562
21 1.55852
22 1.56829
23 1.55566
24 1.55432
25 1.5749
26 1.56069
27 1.55356
28 1.5625
29 1.5708
30 1.56176
31 1.56162
32 1.56162
33 1.56062
34 1.56353
35 1.57268
36 1.55916
37 1.53952
38 1.561
39 1.59016
40 1.58532
41 1.5907
42 1.5651
43 1.58815
44 1.56147
45 1.57919
46 1.59249
47 1.58799
48 1.54445
49 1.5517
50 1.57838
51 1.57356
52 1.55771
53 1.55468
54 1.55971
55 1.55749
56 1.63133
57 1.58558
58 1.58463
59 1.5563
60 1.5578
61 1.55644
62 1.56229
63 1.55563
64 1.55804
65 1.55683
66 1.56324
67 1.55723
68 1.56198
69 1.5671
70 1.56431
71 1.60697
72 1.56631
73 1.59187
74 1.55542
75 1.55652
76 1.55847
77 1.56193
78 1.57316
79 1.55931
80 1.56713
81 1.57583
82 1.58291
83 1.57499
84 1.55547
85 1.56755
86 1.55766
87 1.56465
88 1.55797
89 1.57874
90 1.55964
91 1.55666
92 1.5564
93 1.55714
94 1.55888
95 1.55485
96 1.55592
97 1.55954
98 1.55461
99 1.55377
100 1.55878
