0 1.97411
1 2.0813
2 1.98326
3 1.9495
4 1.93479
5 1.92771
6 1.90089
7 1.89822
8 1.89025
9 1.83742
10 1.81298
11 1.81217
12 1.7772
13 1.79265
14 1.7488
15 1.70941
16 1.71342
17 1.69685
18 1.64976
19 1.67334
20 1.63622
21 1.61958
22 1.52192
23 1.59695
24 1.56581
25 1.54271
26 1.77853
27 1.50352
28 1.50902
29 1.47779
30 1.44389
31 1.42279
32 1.43979
33 1.40162
34 1.37506
35 1.3438
36 1.33202
37 1.34993
38 1.29333
39 1.27661
40 1.25079
41 1.24297
42 1.23091
43 1.20628
44 1.19836
45 1.15702
46 1.10681
47 1.13871
48 1.13542
49 1.09875
50 1.08311
51 1.06924
52 1.06077
53 1.00839
54 0.99318
55 0.968409
56 1.11771
57 0.955224
58 0.94595
59 0.902748
60 0.887156
61 0.865412
62 0.83642
63 0.811124
64 0.812626
65 0.813031
66 0.79906
67 0.794029
68 0.751996
69 0.738811
70 0.711083
71 0.68059
72 0.696993
73 0.683498
74 0.629663
75 0.596976
76 0.576878
77 0.580883
78 0.558686
79 0.572467
80 0.516033
81 0.498986
82 0.491238
83 0.482774
84 0.464606
85 0.477076
86 0.435877
87 0.434065
88 0.411439
89 0.41337
90 0.391269
91 0.383997
92 0.362301
93 0.320244
94 0.276446
95 0.243592
96 0.200796
97 0.136876
98 0.088954
99 0.0417233
100 0
