0 1.62961
1 1.64235
2 1.6274
3 1.61679
4 1.63763
5 1.63779
6 1.62671
7 1.61605
8 1.61188
9 1.70772
10 1.63622
11 1.63531
12 1.64592
13 1.63245
14 1.62005
15 1.60789
16 1.6134
17 1.60851
18 1.60184
19 1.60084
20 1.61357
21 1.58777
22 1.61941
23 1.5785
24 1.65341
25 1.57664
26 1.83959
27 1.60401
28 1.59154
29 1.58229
30 1.5965
31 1.58904
32 1.57909
33 1.59311
34 1.57919
35 1.58317
36 1.59004
37 1.57599
38 1.5831
39 1.62387
40 1.57821
41 1.57959
42 1.59914
43 1.57831
44 1.56677
45 1.58465
46 1.57907
47 1.58031
48 1.56996
49 1.56341
50 1.55838
51 1.56152
52 1.56288
53 1.62044
54 1.56293
55 1.56703
56 1.59085
57 1.56353
58 1.55797
59 1.56002
60 1.55728
61 1.55733
62 1.56488
63 1.57654
64 1.55761
65 1.56953
66 1.55892
67 1.55327
68 1.57046
69 1.57118
70 1.5801
71 1.55101
72 1.55549
73 1.55602
74 1.60296
75 1.56341
76 1.55497
77 1.55566
78 1.55122
79 1.55754
80 1.55659
81 1.55547
82 1.54841
83 1.56424
84 1.55892
85 1.56555
86 1.64292
87 1.55571
88 1.55361
89 1.60315
90 1.5559
91 1.5898
92 1.54889
93 1.55401
94 1.55749
95 1.55039
96 1.54762
97 1.56071
98 1.61018
99 1.5523
100 1.5573
