0 14.231
1 14.4598
2 15.4042
3 15.2161
4 15.9018
5 16.0871
6 16.0489
7 16.6099
8 17.4179
9 17.405
10 18.3749
11 18.6071
12 19.0949
13 18.8301
14 20.3421
15 20.6759
16 21.518
17 22.265
18 22.7289
19 22.8479
20 24.4849
21 23.1621
22 25.1482
23 31.759
24 26.356
25 26.3419
26 26.9608
27 27.236
28 27.4141
29 28.1949
30 28.59
31 28.862
32 29.145
33 28.6241
34 29.5501
35 29.8431
36 30.267
37 30.694
38 31.24
39 30.7629
40 31.4569
41 31.498
42 31.7471
43 31.3542
44 32.3939
45 31.903
46 31.6081
47 32.1631
48 32.4271
49 32.2912
50 31.975
51 31.7261
52 31.5459
53 31.1689
54 31.0571
55 30.8318
56 30.3268
57 29.6199
58 30.0281
59 29.809
60 29.192
61 29.428
62 28.4309
63 27.7848
64 27.2541
65 26.4921
66 25.9769
67 25.7988
68 24.961
69 24.2629
70 23.5488
71 22.836
72 22.4349
73 21.7249
74 21.0612
75 20.2122
76 19.5451
77 18.5819
78 17.828
79 17.0639
80 16.4211
81 15.2621
82 14.6079
83 13.7501
84 12.8031
85 12.1639
86 11.4019
87 10.5641
88 9.71889
89 8.66222
90 8.2531
91 7.406
92 6.62518
93 5.67698
94 4.95815
95 4.15707
96 3.37601
97 2.52295
98 1.69897
99 0.933886
100 0.000953674
