0 16.583
1 17.4761
2 17.556
3 18.219
4 17.931
5 18.929
6 18.6281
7 19.1331
8 19.1679
9 19.7861
10 21.903
11 20.983
12 21.781
13 21.203
14 23.1569
15 23.3829
16 24.1461
17 24.1261
18 25.66
19 25.1369
20 26.927
21 26.1991
22 27.1761
23 34.6811
24 34.559
25 28.5699
26 28.686
27 29.34
28 29.3849
29 29.6772
30 30.7839
31 30.607
32 30.7481
33 29.947
34 31.4469
35 31.8329
36 32.5751
37 32.367
38 32.8739
39 33.077
40 33.2899
41 33.2489
42 33.3791
43 32.9959
44 33.7148
45 33.936
46 33.4189
47 32.7511
48 33.8411
49 33.721
50 33.684
51 33.6161
52 33.4411
53 32.7022
54 32.8112
55 32.8362
56 32.7229
57 31.544
58 31.817
59 31.57
60 30.7951
61 30.8669
62 30.339
63 29.4809
64 29.043
65 28.3749
66 28.2481
67 27.488
68 27.0691
69 25.7521
70 25.7139
71 24.493
72 24.148
73 23.2549
74 22.4831
75 21.2839
76 20.602
77 19.943
78 19.2249
79 17.9629
80 17.3581
81 16.525
82 15.224
83 14.6821
84 13.7351
85 12.6901
86 12.078
87 10.993
88 10.0179
89 9.1691
90 8.37803
91 7.52497
92 6.72984
93 5.81002
94 5.04804
95 4.20189
96 3.41487
97 2.54083
98 1.69492
99 0.876904
100 0.00309944
