0 4.36807
1 4.36997
2 4.35495
3 4.38404
4 4.35996
5 4.36997
6 4.37808
7 4.34589
8 4.35591
9 4.19402
10 4.36711
11 4.36306
12 4.36497
13 4.30608
14 4.36807
15 4.35591
16 4.36115
17 4.36878
18 4.36711
19 4.43506
20 4.44818
21 4.10008
22 4.354
23 6.11711
24 5.41806
25 4.37188
26 4.40216
27 4.38786
28 4.37808
29 4.35877
30 4.37498
31 4.35996
32 4.36687
33 4.39787
34 4.35901
35 4.35185
36 4.37021
37 4.37999
38 4.3838
39 4.36187
40 4.33087
41 4.39405
42 4.40788
43 4.36211
44 4.41909
45 4.37713
46 4.35495
47 4.40598
48 4.36997
49 4.41599
50 4.37093
51 4.40598
52 4.37593
53 4.36687
54 4.36497
55 4.36401
56 4.36187
57 4.37379
58 4.40192
59 4.37498
60 4.37808
61 4.39501
62 4.36592
63 4.38213
64 4.37617
65 4.36401
66 4.36091
67 4.37093
68 4.36687
69 4.38809
70 4.38309
71 4.39715
72 4.36282
73 4.37212
74 4.37593
75 4.36711
76 4.35996
77 4.36687
78 4.35615
79 4.25696
80 4.35901
81 4.36497
82 4.38309
83 4.13799
84 4.37284
85 4.39
86 4.37903
87 4.35114
88 4.36187
89 4.25792
90 4.3571
91 4.38809
92 4.35996
93 4.2479
94 4.2851
95 4.35305
96 4.38714
97 4.36282
98 4.35114
99 4.26984
100 4.30703
