0 16.7953
1 16.7211
2 16.9531
3 17.583
4 17.5955
5 17.7436
6 18.056
7 18.5098
8 18.6227
9 18.7282
10 18.9531
11 19.3207
12 19.7035
13 19.8947
14 19.8726
15 20.1176
16 20.2964
17 20.5445
18 20.7768
19 21.1321
20 21.107
21 21.3969
22 21.415
23 21.6157
24 21.7798
25 21.8586
26 22.1432
27 22.218
28 22.1344
29 22.1649
30 22.1239
31 22.0963
32 22.0412
33 22.0346
34 21.9607
35 21.681
36 21.6028
37 21.3921
38 21.2823
39 21.0194
40 20.8476
41 20.6352
42 20.6361
43 20.2341
44 19.9369
45 19.8831
46 19.5324
47 19.2469
48 19.2336
49 18.8913
50 18.6253
51 18.3198
52 18.3673
53 17.7006
54 17.4731
55 17.4088
56 16.6084
57 16.3084
58 15.8366
59 15.6219
60 15.3026
61 14.901
62 14.4598
63 14.0628
64 13.6291
65 13.3173
66 12.9572
67 12.6081
68 12.2097
69 11.7517
70 11.4331
71 11.0494
72 10.7181
73 10.3052
74 9.78637
75 9.27618
76 8.93387
77 8.47307
78 8.176
79 7.75355
80 7.33685
81 6.86023
82 6.38741
83 5.96112
84 5.60188
85 5.15026
86 4.74298
87 4.34652
88 3.98335
89 3.61735
90 3.24208
91 2.8716
92 2.51681
93 2.13301
94 1.80402
95 1.48737
96 1.1881
97 0.903368
98 0.652641
99 0.359535
100 0.000119209
