0 4.60148e-05
1 4.57764e-05
2 4.673e-05
3 4.69685e-05
4 4.673e-05
5 4.76837e-05
6 4.57764e-05
7 4.88758e-05
8 4.48227e-05
9 4.76837e-05
10 4.673e-05
11 4.79221e-05
12 4.60148e-05
13 4.29153e-05
14 4.22001e-05
15 4.60148e-05
16 4.00543e-05
17 4.19617e-05
18 4.1008e-05
19 4.1008e-05
20 4.31538e-05
21 3.88622e-05
22 4.1008e-05
23 3.38554e-05
24 3.69549e-05
25 3.8147e-05
26 3.91006e-05
27 4.00543e-05
28 3.24249e-05
29 3.67165e-05
30 3.62396e-05
31 3.52859e-05
32 3.21865e-05
33 3.74317e-05
34 3.31402e-05
35 3.29018e-05
36 3.50475e-05
37 3.29018e-05
38 3.29018e-05
39 3.21865e-05
40 3.21865e-05
41 3.09944e-05
42 3.31402e-05
43 2.90871e-05
44 3.02792e-05
45 2.7895e-05
46 2.95639e-05
47 2.69413e-05
48 2.93255e-05
49 2.6226e-05
50 2.6226e-05
51 2.76566e-05
52 2.93255e-05
53 2.59876e-05
54 2.67029e-05
55 2.40803e-05
56 2.7895e-05
57 2.71797e-05
58 2.40803e-05
59 2.5034e-05
60 2.47955e-05
61 2.38419e-05
62 2.43187e-05
63 2.21729e-05
64 2.40803e-05
65 2.24113e-05
66 2.09808e-05
67 2.09808e-05
68 2.26498e-05
69 1.74046e-05
70 2.00272e-05
71 2.0504e-05
72 1.69277e-05
73 1.57356e-05
74 1.93119e-05
75 1.62125e-05
76 1.40667e-05
77 1.5974e-05
78 1.28746e-05
79 1.26362e-05
80 1.71661e-05
81 1.3113e-05
82 1.19209e-05
83 1.38283e-05
84 1.09673e-05
85 9.05991e-06
86 1.09673e-05
87 9.53674e-06
88 1.00136e-05
89 8.58307e-06
90 8.34465e-06
91 7.62939e-06
92 8.58307e-06
93 6.91414e-06
94 6.67572e-06
95 4.76837e-06
96 5.72205e-06
97 2.14577e-06
98 2.86102e-06
99 1.90735e-06
100 9.53674e-07
