0 4.73213
1 4.71497
2 4.68302
3 4.74691
4 4.72307
5 4.67801
6 4.70805
7 4.67706
8 4.68612
9 4.69804
10 4.69303
11 4.67396
12 4.6711
13 4.68016
14 4.69089
15 4.68016
16 4.68898
17 4.69685
18 4.67396
19 4.67706
20 4.69184
21 4.69398
22 4.68111
23 4.68302
24 4.69208
25 4.6978
26 4.68993
27 4.69613
28 4.68206
29 4.69303
30 4.72403
31 4.74
32 4.72498
33 4.71902
34 4.71091
35 4.673
36 4.69494
37 4.73189
38 4.71497
39 4.73595
40 4.68183
41 4.69398
42 4.71091
43 4.83513
44 4.68493
45 4.70018
46 4.68111
47 4.68302
48 4.67896
49 4.67896
50 4.69899
51 4.69112
52 4.66895
53 4.66418
54 4.67396
55 4.704
56 4.68993
57 4.72498
58 4.72713
59 4.7071
60 4.73785
61 4.70495
62 4.66514
63 4.68111
64 4.67706
65 4.68087
66 4.68493
67 4.67587
68 4.6761
69 4.48895
70 4.6699
71 4.70901
72 4.68707
73 4.70805
74 4.69708
75 4.69494
76 4.6742
77 4.66299
78 4.673
79 4.6699
80 4.67014
81 4.668
82 4.673
83 4.7369
84 4.67706
85 4.71282
86 4.70114
87 4.704
88 4.70805
89 4.71902
90 4.72212
91 4.71401
92 4.70281
93 4.7071
94 4.73094
95 4.70805
96 4.69303
97 4.71711
98 4.69899
99 4.704
100 4.69398
