0 5.10716
1 5.09405
2 5.05304
3 5.03802
4 4.9572
5 4.9572
6 4.92883
7 4.85396
8 4.75216
9 4.72808
10 4.70614
11 4.55499
12 4.56214
13 4.52399
14 4.4961
15 4.43506
16 4.58694
17 4.37212
18 4.27079
19 4.20499
20 4.14205
21 4.10295
22 4.06504
23 4.03905
24 3.97706
25 3.90387
26 3.85308
27 3.84092
28 3.76391
29 3.721
30 3.62396
31 3.60012
32 3.59917
33 3.58486
34 3.43704
35 3.42083
36 3.34978
37 3.31903
38 3.23391
39 3.227
40 3.16405
41 3.15404
42 3.093
43 2.99096
44 2.94805
45 2.93183
46 2.86794
47 2.81405
48 2.70295
49 2.73585
50 2.69914
51 2.63691
52 2.58398
53 2.491
54 2.50101
55 2.41995
56 2.36487
57 2.30694
58 2.28119
59 2.19011
60 2.13504
61 2.11811
62 2.05302
63 2.00081
64 1.88804
65 1.75691
66 1.84894
67 1.81913
68 1.76215
69 1.688
70 1.66011
71 1.59216
72 1.55711
73 1.52183
74 1.44315
75 1.4081
76 1.36685
77 1.30701
78 1.27101
79 1.21403
80 1.1518
81 1.08504
82 1.04308
83 1.0078
84 0.947952
85 0.890017
86 0.85187
87 0.79298
88 0.753164
89 0.713825
90 0.654936
91 0.6001
92 0.556946
93 0.495911
94 0.450134
95 0.39506
96 0.338793
97 0.261068
98 0.180006
99 0.112057
100 0.00309944
