0 5.70098
1 5.72869
2 5.71886
3 5.71114
4 5.69227
5 5.68527
6 5.7112
7 5.70285
8 5.70625
9 5.71337
10 5.70327
11 5.6859
12 5.68718
13 5.70804
14 5.68515
15 5.70104
16 5.70643
17 5.77196
18 5.76544
19 5.69713
20 5.70422
21 5.70819
22 5.68786
23 5.6724
24 5.70738
25 5.69567
26 5.69135
27 5.70464
28 5.69975
29 5.68429
30 5.68748
31 5.70762
32 5.71823
33 5.72827
34 5.76285
35 5.74714
36 5.73471
37 5.72944
38 5.72264
39 5.73888
40 5.72351
41 5.6794
42 5.69913
43 5.70497
44 5.68834
45 5.70065
46 5.69329
47 5.68631
48 5.70276
49 5.68056
50 5.68837
51 5.66998
52 5.66888
53 5.67299
54 5.69487
55 5.72178
56 5.66539
57 5.67579
58 5.67868
59 5.69013
60 5.6864
61 5.67976
62 5.67478
63 5.68509
64 5.69093
65 5.68655
66 5.69725
67 5.69454
68 5.70649
69 5.74431
70 5.72827
71 5.68289
72 5.67585
73 5.76219
74 5.72175
75 5.70884
76 5.69823
77 5.6985
78 5.73447
79 5.71805
80 5.69972
81 5.70354
82 5.71901
83 5.71311
84 5.68092
85 5.65359
86 5.65481
87 5.6577
88 5.65252
89 5.6994
90 5.70852
91 5.75331
92 5.71239
93 5.82001
94 5.64879
95 5.64033
96 5.64685
97 5.63514
98 5.63222
99 5.63163
100 5.65526
