0 5.79
1 5.79214
2 5.71895
3 5.6901
4 5.59592
5 5.52416
6 5.481
7 5.42402
8 5.36895
9 5.31101
10 5.31101
11 5.24306
12 5.17297
13 5.11718
14 5.04494
15 4.98796
16 5.04303
17 4.90808
18 4.82106
19 4.84705
20 4.70591
21 4.65083
22 4.62794
23 4.5681
24 4.50182
25 4.43506
26 4.37093
27 4.354
28 4.28391
29 4.20713
30 4.17495
31 4.09102
32 4.05884
33 3.98898
34 3.96585
35 3.88598
36 3.83019
37 3.80993
38 3.72195
39 3.67308
40 3.63493
41 3.56221
42 3.51095
43 3.43895
44 3.40581
45 3.33405
46 3.27706
47 3.21198
48 3.20816
49 3.10397
50 3.16787
51 3.02291
52 2.97689
53 2.88677
54 2.79808
55 2.78091
56 2.7101
57 2.666
58 2.59018
59 2.53892
60 2.47622
61 2.4209
62 2.38085
63 2.30598
64 2.07782
65 2.04492
66 2.13385
67 2.1112
68 1.99604
69 1.95098
70 1.88184
71 1.84512
72 1.77908
73 1.71804
74 1.66106
75 1.5738
76 1.52898
77 1.50084
78 1.43099
79 1.35708
80 1.31202
81 1.23215
82 1.16491
83 1.10197
84 1.06812
85 0.993013
86 0.942945
87 0.89097
88 0.833035
89 0.78392
90 0.723124
91 0.673056
92 0.609875
93 0.544071
94 0.497103
95 0.439167
96 0.370979
97 0.281096
98 0.19908
99 0.123024
100 0.000953674
