0 6.07014
1 6.08015
2 5.96094
3 5.78403
4 5.85198
5 5.86796
6 5.72014
7 5.72205
8 5.65219
9 5.65481
10 5.49316
11 5.49889
12 5.41997
13 5.38898
14 5.30505
15 5.31101
16 5.18203
17 5.18394
18 5.12385
19 5.02896
20 4.99511
21 4.95601
22 4.90284
23 4.87494
24 4.78601
25 4.77099
26 4.68802
27 4.61292
28 4.60696
29 4.64392
30 4.49705
31 4.46486
32 4.49204
33 4.32897
34 4.2901
35 4.18711
36 4.14801
37 4.04215
38 4.04191
39 3.9649
40 3.88503
41 3.88885
42 3.77107
43 3.73292
44 3.73387
45 3.36003
46 3.6571
47 3.52001
48 3.33691
49 3.43394
50 3.40104
51 3.39198
52 3.27492
53 3.21984
54 3.13187
55 3.07417
56 3.00717
57 3.08514
58 2.92587
59 2.83885
60 2.80213
61 2.75087
62 2.76113
63 2.65098
64 2.69604
65 2.48313
66 2.46596
67 2.39205
68 2.29502
69 2.27404
70 2.23017
71 2.18105
72 2.11096
73 2.15912
74 2.074
75 1.92714
76 1.858
77 1.96099
78 1.82509
79 1.66202
80 1.57595
81 1.60813
82 1.72305
83 1.62911
84 1.44196
85 1.65486
86 1.35708
87 1.27006
88 1.50204
89 1.25885
90 1.24788
91 1.17111
92 1.16801
93 0.988007
94 0.844002
95 0.866175
96 0.579119
97 0.437975
98 0.323057
99 0.156879
100 0
