0 5.87302
1 5.76913
2 5.94863
3 5.82066
4 5.79786
5 5.84874
6 5.88647
7 5.75498
8 5.91817
9 5.8406
10 5.82099
11 5.87025
12 5.81789
13 5.81014
14 5.80063
15 5.77262
16 5.73564
17 5.74696
18 5.85166
19 5.80874
20 5.80788
21 5.82328
22 5.86221
23 5.76773
24 5.77423
25 5.74225
26 5.86811
27 5.85666
28 5.89275
29 5.86808
30 5.92852
31 5.87308
32 5.97292
33 5.84853
34 5.79864
35 5.77828
36 5.71513
37 5.7486
38 5.9095
39 5.7804
40 5.77977
41 5.82373
42 5.79014
43 5.75805
44 5.76937
45 5.74195
46 5.82984
47 6.02543
48 6.03619
49 5.9517
50 6.00687
51 5.75227
52 5.80299
53 5.9534
54 5.7236
55 5.72258
56 5.74195
57 5.72363
58 5.7404
59 5.71373
60 5.71072
61 5.71105
62 5.70101
63 5.69463
64 5.71176
65 5.69138
66 5.69162
67 5.78734
68 5.89961
69 5.90098
70 5.90926
71 5.9571
72 5.77429
73 5.7677
74 5.71537
75 5.70235
76 5.68673
77 5.66188
78 5.68101
79 5.72592
80 5.87374
81 5.65684
82 5.7826
83 5.64867
84 5.7424
85 5.7849
86 5.86095
87 5.84984
88 5.72455
89 5.89219
90 5.87425
91 5.73736
92 5.70723
93 5.70402
94 5.73814
95 5.70315
96 5.71272
97 5.71436
98 5.71725
99 5.70485
100 5.70327
