0 6.05416
1 5.87392
2 5.99599
3 5.94902
4 5.95498
5 5.82409
6 5.87702
7 5.74613
8 5.71609
9 5.62096
10 5.53799
11 5.57303
12 5.43499
13 5.44
14 5.34701
15 5.26595
16 5.22304
17 5.193
18 5.09405
19 5.12314
20 4.93407
21 4.96101
22 4.8902
23 4.87494
24 4.83203
25 4.58002
26 4.60696
27 4.61411
28 4.56214
29 4.43578
30 4.44484
31 4.34279
32 4.26984
33 4.24814
34 4.19283
35 4.10295
36 4.07982
37 4.01902
38 4.00686
39 3.91102
40 3.8712
41 3.80397
42 3.77202
43 3.66402
44 3.63803
45 3.57318
46 3.46494
47 3.4771
48 3.28112
49 3.29685
50 3.25084
51 3.19004
52 3.18003
53 3.07202
54 3.0148
55 2.97999
56 2.91681
57 2.86794
58 2.80094
59 2.75898
60 2.68507
61 2.73514
62 2.60091
63 2.50888
64 2.45714
65 2.39396
66 2.36797
67 2.27809
68 2.23899
69 2.18892
70 2.1081
71 2.0659
72 2.01392
73 1.93405
74 1.83797
75 1.79696
76 1.7581
77 1.68204
78 1.6439
79 1.58978
80 1.53995
81 1.50895
82 1.46008
83 1.41001
84 1.38187
85 1.33085
86 1.31106
87 1.26696
88 1.23096
89 1.16897
90 1.14489
91 1.08504
92 0.998974
93 0.922918
94 0.815868
95 0.672102
96 0.545025
97 0.398874
98 0.267982
99 0.149012
100 0.00309944
