0 13.9781
1 14.0441
2 13.9956
3 13.944
4 13.9196
5 13.9768
6 13.9668
7 13.9316
8 13.9366
9 13.8705
10 14.0109
11 13.9276
12 13.9605
13 14.036
14 13.9784
15 13.9918
16 14.0638
17 13.8865
18 13.8875
19 13.9417
20 13.938
21 13.9039
22 13.9798
23 13.9509
24 13.9524
25 14.0628
26 13.8864
27 14.0002
28 13.9624
29 13.9201
30 13.9385
31 14.1069
32 13.9301
33 13.975
34 13.9642
35 13.8842
36 14.0384
37 13.9497
38 13.9658
39 14.0959
40 14.0094
41 14.0064
42 14.0457
43 13.9843
44 14.0476
45 13.9927
46 14.1647
47 14.1748
48 13.9372
49 13.9098
50 14.0017
51 13.963
52 13.9358
53 13.9935
54 13.9886
55 13.948
56 13.9767
57 14.0636
58 13.9476
59 13.9916
60 14.0066
61 14
62 14.0169
63 14.057
64 13.9859
65 14.1228
66 13.9707
67 13.9201
68 14.0559
69 13.9913
70 13.9173
71 13.9495
72 13.9503
73 13.9383
74 14.0114
75 13.8974
76 14.055
77 13.9398
78 14.0543
79 13.8978
80 13.9721
81 13.9332
82 14.0478
83 13.9467
84 13.9446
85 14.0718
86 13.9718
87 14.1021
88 13.8964
89 14.0393
90 13.8554
91 13.9527
92 14.1038
93 14.0007
94 13.9166
95 13.9511
96 13.9968
97 13.9218
98 13.9779
99 14.0057
100 13.9506
