0 26.0675
1 26.3735
2 27.167
3 28.229
4 29.933
5 31.5214
6 33.0551
7 34.7379
8 37.8414
9 38.4955
10 40.7729
11 42.382
12 43.972
13 45.4525
14 46.9126
15 48.0649
16 49.4081
17 50.668
18 51.8271
19 52.8444
20 53.8886
21 55.235
22 55.742
23 56.636
24 57.4785
25 58.0961
26 58.6745
27 59.4195
28 59.7224
29 60.1156
30 60.5866
31 60.964
32 61.4356
33 61.74
34 62.1976
35 62.5445
36 63.123
37 63.7156
38 64.1099
39 64.7631
40 64.8195
41 65.2455
42 65.6955
43 66.2451
44 66.5945
45 66.888
46 67.1765
47 67.5199
48 67.8279
49 68.017
50 68.2155
51 68.2155
52 68.12
53 68.053
54 67.989
55 67.6255
56 67.3026
57 66.8161
58 66.3199
59 65.8464
60 65.2081
61 64.612
62 63.9001
63 63.269
64 62.5424
65 61.9709
66 61.2576
67 61.02
68 60.2975
69 59.528
70 58.647
71 58.3966
72 57.6226
73 56.9896
74 56.5475
75 55.707
76 55.065
77 54.4804
78 53.512
79 52.483
80 51.6175
81 50.2346
82 48.8759
83 47.2929
84 45.5281
85 43.5771
86 41.4435
87 39.518
88 37.3884
89 35.048
90 32.9325
91 30.82
92 28.7725
93 26.4416
94 24.1154
95 22.0934
96 19.7475
97 17.238
98 13.6651
99 7.68447
100 0.0609159
