0 33.3655
1 33.4725
2 35.6466
3 36.358
4 38.9744
5 39.9685
6 41.7725
7 43.8055
8 45.179
9 46.6465
10 49.189
11 49.4239
12 50.9875
13 52.606
14 53.938
15 54.994
16 56.3685
17 57.651
18 59.0365
19 59.945
20 61.2684
21 61.9965
22 63.0145
23 63.8396
24 65.6515
25 65.282
26 66.404
27 66.6316
28 67.76
29 67.7561
30 68.4794
31 69.2556
32 69.592
33 69.7316
34 70.757
35 70.6645
36 71.5605
37 71.7325
38 72.3705
39 72.4735
40 73.0675
41 73.511
42 74.1894
43 74.288
44 75.328
45 75.2445
46 76.0859
47 76.1985
48 76.6785
49 76.5364
50 77.6675
51 76.8855
52 76.8905
53 76.6284
54 76.6619
55 76.156
56 75.8365
57 75.223
58 74.8606
59 74.366
60 73.7295
61 72.7415
62 72.132
63 71.339
64 70.832
65 69.8191
66 69.2046
67 68.128
68 67.7
69 66.8135
70 66.1991
71 65.2519
72 64.8426
73 63.768
74 63.3546
75 62.233
76 61.914
77 60.6525
78 60.2386
79 58.7245
80 57.785
81 56.417
82 54.997
83 53.094
84 51.528
85 49.8295
86 47.8929
87 45.871
88 43.8401
89 41.5936
90 39.3285
91 37.0506
92 34.8644
93 32.279
94 29.91
95 27.355
96 24.4991
97 21.2129
98 16.396
99 8.88598
100 0.000476837
