0 39.6575
1 39.9152
2 42.3981
3 44.7471
4 48.1959
5 50.7807
6 53.7029
7 56.5327
8 59.5195
9 61.8524
10 64.21
11 67.1005
12 69.4833
13 71.8661
14 73.7481
15 75.8978
16 78.1247
17 80.7157
18 82.6429
19 84.5296
20 86.4073
21 88.4019
22 89.8387
23 91.6233
24 93.2861
25 94.6335
26 96.6282
27 96.4992
28 97.0343
29 98.7081
30 98.7542
31 98.7925
32 100.362
33 101.058
34 102.103
35 103.188
36 102.786
37 104.845
38 105.899
39 106.132
40 106.774
41 107.783
42 108.565
43 109.228
44 109.569
45 110.522
46 111.374
47 112.265
48 113.122
49 113.308
50 113.187
51 113.411
52 113.459
53 113.494
54 113.151
55 112.685
56 111.94
57 112.455
58 110.362
59 109.411
60 108.715
61 107.575
62 106.556
63 105.568
64 104.389
65 103.259
66 102.213
67 101.253
68 100.282
69 99.3492
70 98.3256
71 97.3456
72 96.4206
73 95.6583
74 96.112
75 93.5911
76 92.5881
77 91.5772
78 90.206
79 90.4962
80 87.4457
81 85.4743
82 83.272
83 81.0594
84 78.2496
85 75.5774
86 72.2348
87 69.3718
88 66.0294
89 62.698
90 59.0799
91 55.9181
92 52.4444
93 48.3906
94 44.3187
95 40.6031
96 36.4584
97 32.0888
98 24.0041
99 12.7868
100 0.000529819
