0 14.5531
1 14.5839
2 14.4551
3 14.3445
4 14.192
5 14.0845
6 13.9771
7 13.8016
8 13.6595
9 13.5964
10 13.496
11 13.3435
12 13.1689
13 13.029
14 12.9086
15 12.751
16 12.6336
17 12.5176
18 12.3575
19 12.2606
20 12.1474
21 11.9851
22 11.849
23 11.7325
24 11.6055
25 11.456
26 11.3934
27 11.209
28 11.1105
29 10.9205
30 10.7809
31 10.7239
32 10.5206
33 10.393
34 10.2605
35 10.167
36 10.0629
37 10.2265
38 9.75752
39 9.64558
40 9.534
41 9.46248
42 9.24361
43 9.13346
44 8.98361
45 8.83901
46 8.68905
47 8.5175
48 8.42953
49 8.29601
50 8.16596
51 8.02803
52 7.87699
53 7.78759
54 7.60496
55 7.5115
56 7.33542
57 7.21157
58 7.11954
59 6.92403
60 6.79946
61 6.73604
62 6.57248
63 6.50954
64 6.25408
65 6.1245
66 5.92399
67 5.83339
68 5.6715
69 5.59795
70 5.41651
71 5.26297
72 5.10848
73 4.99141
74 4.866
75 4.691
76 4.57692
77 4.43351
78 4.30655
79 4.12893
80 4.02045
81 3.81947
82 3.65257
83 3.46899
84 3.33405
85 3.20709
86 3.03304
87 2.90596
88 2.73049
89 2.58148
90 2.41148
91 2.36356
92 2.10297
93 1.9275
94 1.83702
95 1.66011
96 1.44541
97 1.23155
98 0.992537
99 0.629067
100 0.000476837
