0 0.0143934
1 0.014704
2 0.0143205
3 0.0141805
4 0.014554
5 0.0139434
6 0.0137955
7 0.013706
8 0.0135295
9 0.013411
10 0.0132674
11 0.013158
12 0.013037
13 0.0128545
14 0.0127715
15 0.0126071
16 0.0124525
17 0.0123781
18 0.0121934
19 0.012105
20 0.011909
21 0.0118115
22 0.0116866
23 0.011493
24 0.0114495
25 0.0112655
26 0.0111295
27 0.0110015
28 0.010888
29 0.0107595
30 0.0105879
31 0.010465
32 0.0103511
33 0.0101999
34 0.0100781
35 0.00994694
36 0.00985992
37 0.00969946
38 0.00963199
39 0.00946808
40 0.00933504
41 0.00917101
42 0.00903952
43 0.00892103
44 0.008775
45 0.00867498
46 0.00851345
47 0.0083735
48 0.00822461
49 0.00812447
50 0.00798357
51 0.00786304
52 0.00768197
53 0.00755298
54 0.00741601
55 0.00729907
56 0.00714898
57 0.00702107
58 0.00686896
59 0.00675893
60 0.006652
61 0.00648201
62 0.00629842
63 0.00618851
64 0.00606406
65 0.0059191
66 0.00574195
67 0.00562501
68 0.00553644
69 0.00537753
70 0.00527048
71 0.00510502
72 0.00498092
73 0.00485146
74 0.00464749
75 0.00451851
76 0.0044086
77 0.00424147
78 0.004094
79 0.00394142
80 0.0037986
81 0.00360501
82 0.00346446
83 0.00332153
84 0.00315547
85 0.00300503
86 0.00286102
87 0.00268149
88 0.00251603
89 0.00238347
90 0.00226295
91 0.00211358
92 0.00192893
93 0.00176203
94 0.00160193
95 0.0014509
96 0.00125253
97 0.00108302
98 0.000912547
99 0.00066793
100 5.90086e-05
