0 30.1034
1 30.1945
2 30.463
3 30.7355
4 31.1875
5 31.813
6 32.415
7 32.9425
8 33.9465
9 34.2131
10 35.4426
11 35.8114
12 36.846
13 37.7165
14 38.718
15 39.6714
16 40.674
17 41.802
18 43.022
19 44.0285
20 45.0675
21 46.206
22 47.4254
23 48.1875
24 49.0351
25 49.8739
26 51.0025
27 50.8884
28 52.2236
29 53.0289
30 53.5721
31 54.07
32 54.6374
33 54.782
34 55.3085
35 54.8246
36 55.6926
37 56.1584
38 56.2265
39 56.6411
40 56.132
41 56.7805
42 56.8941
43 57.1046
44 57.086
45 56.8346
46 57.1295
47 56.648
48 58.2235
49 56.908
50 56.4666
51 56.5566
52 56.567
53 55.9269
54 55.6206
55 55.105
56 54.692
57 54.201
58 53.5614
59 52.9675
60 51.77
61 51.625
62 50.7694
63 49.1569
64 49.167
65 48.103
66 47.182
67 46.1121
68 45.2344
69 44.1155
70 43.009
71 41.787
72 40.7585
73 39.578
74 38.4055
75 36.9791
76 35.7571
77 34.2674
78 33.0194
79 31.6815
80 30.6131
81 28.9506
82 27.3789
83 26.1256
84 24.4186
85 23.1551
86 21.562
87 20.2839
88 18.6889
89 17.148
90 15.5805
91 14.106
92 12.7105
93 11.0655
94 9.50003
95 8.02994
96 6.41799
97 4.78697
98 3.15952
99 1.49798
100 0.000476837
