0 10.7155
1 10.758
2 10.7321
3 10.729
4 10.7541
5 10.7191
6 10.7435
7 10.728
8 10.7211
9 10.846
10 10.736
11 10.7225
12 10.735
13 10.7296
14 10.728
15 10.7225
16 10.721
17 10.7055
18 10.78
19 10.727
20 10.7185
21 10.7425
22 10.731
23 10.7241
24 10.7296
25 10.731
26 10.7236
27 10.713
28 10.7399
29 10.7474
30 10.736
31 10.746
32 10.7116
33 10.7141
34 10.7394
35 10.7365
36 10.7139
37 10.882
38 10.7335
39 10.7211
40 10.7275
41 10.7366
42 10.7595
43 10.7989
44 10.72
45 10.7375
46 10.769
47 10.7216
48 10.7305
49 10.734
50 10.7445
51 10.71
52 10.7241
53 10.717
54 10.7261
55 11.1749
56 10.9465
57 10.741
58 10.734
59 10.744
60 10.7405
61 10.7396
62 10.7385
63 10.7526
64 10.7285
65 10.7186
66 10.7476
67 10.728
68 10.748
69 10.763
70 10.7709
71 10.729
72 10.7394
73 10.7446
74 10.728
75 10.7155
76 10.7086
77 10.83
78 10.7369
79 10.7255
80 10.7214
81 10.71
82 10.713
83 10.73
84 10.722
85 10.7335
86 10.7346
87 10.7311
88 10.7214
89 10.7125
90 10.7365
91 10.711
92 10.7529
93 10.866
94 10.7454
95 10.7219
96 10.716
97 10.721
98 10.71
99 10.7225
100 10.713
