0 24.724
1 24.052
2 24.4805
3 24.7766
4 25.07
5 25.4005
6 25.7715
7 26.0775
8 26.387
9 26.688
10 27.2675
11 27.337
12 27.703
13 27.962
14 28.2539
15 28.6725
16 28.675
17 29.0315
18 29.266
19 29.489
20 29.6814
21 29.8799
22 30.133
23 30.1335
24 30.2969
25 30.308
26 30.2526
27 30.293
28 30.236
29 30.2271
30 30.028
31 29.9125
32 29.725
33 29.6479
34 29.407
35 29.297
36 29.0066
37 28.7455
38 28.4154
39 28.3481
40 27.903
41 27.64
42 27.2415
43 27.0461
44 26.646
45 26.336
46 26.0385
47 25.7425
48 25.257
49 25.002
50 24.5745
51 24.3225
52 23.883
53 23.4671
54 23.0296
55 22.6895
56 22.2664
57 21.8974
58 21.49
59 21.088
60 20.6306
61 20.2605
62 19.6465
63 19.3214
64 20.614
65 18.4125
66 17.9346
67 17.4389
68 16.9965
69 16.4595
70 15.95
71 15.516
72 14.9715
73 14.524
74 13.9591
75 13.3985
76 12.7525
77 12.1601
78 11.7126
79 11.204
80 10.735
81 10.1045
82 9.43398
83 8.86655
84 8.24451
85 7.774
86 7.13396
87 6.64353
88 6.0755
89 5.56898
90 5.05102
91 4.60303
92 4.071
93 3.57354
94 3.12793
95 2.65992
96 2.18356
97 1.69504
98 1.12402
99 0.663996
100 0.000476837
