0 13.2908
1 13.1918
2 13.3994
3 13.1571
4 12.8455
5 12.9835
6 12.902
7 12.7554
8 12.6565
9 12.6738
10 12.5114
11 12.3698
12 12.3922
13 12.2764
14 12.1512
15 12.0891
16 11.9694
17 11.9325
18 11.7112
19 11.7217
20 11.6988
21 11.6256
22 11.5124
23 11.3966
24 11.3247
25 11.1319
26 11.1863
27 10.8894
28 10.986
29 10.9982
30 11.0179
31 10.7302
32 10.6168
33 10.7848
34 10.4529
35 10.3441
36 10.3659
37 10.2558
38 10.1491
39 10.0524
40 9.99371
41 9.83259
42 9.74147
43 9.63553
44 9.52678
45 9.45669
46 9.18235
47 8.99235
48 8.96509
49 8.8733
50 8.75349
51 8.68874
52 8.56664
53 8.38537
54 8.31358
55 8.13701
56 8.0062
57 7.84487
58 7.76601
59 7.65755
60 7.53665
61 7.37124
62 7.31675
63 7.13332
64 6.93859
65 6.80624
66 6.58576
67 6.45079
68 6.31046
69 6.11152
70 5.9598
71 5.76369
72 5.54932
73 5.33835
74 5.05069
75 4.92909
76 4.73727
77 4.67687
78 4.33615
79 4.29191
80 4.13534
81 3.88442
82 3.78177
83 3.60219
84 3.45392
85 3.29034
86 3.13173
87 2.95414
88 2.7203
89 2.58035
90 2.32501
91 2.2174
92 1.95299
93 1.73285
94 1.51621
95 1.31851
96 1.12685
97 0.945912
98 0.774675
99 0.556442
100 0.0522137
