0 30.7013
1 30.814
2 31.3356
3 31.7753
4 32.4724
5 32.7215
6 33.2584
7 33.7555
8 34.2562
9 34.6728
10 35.3495
11 35.6438
12 36.0476
13 36.5023
14 36.9886
15 37.2396
16 37.4504
17 37.6906
18 37.7711
19 37.8691
20 37.9799
21 37.8691
22 37.8329
23 37.7562
24 37.7823
25 37.5325
26 37.2798
27 37.1309
28 36.9425
29 36.7431
30 36.4687
31 36.3239
32 36.0349
33 35.7732
34 35.5529
35 35.2708
36 35.1231
37 34.8026
38 34.5573
39 34.2888
40 33.9784
41 33.6128
42 33.237
43 32.9016
44 32.5425
45 32.1554
46 31.6928
47 31.2837
48 30.746
49 30.3987
50 30.2837
51 29.4881
52 29.1403
53 28.5239
54 27.9802
55 27.5133
56 27.0078
57 26.4183
58 25.9163
59 25.3743
60 24.7852
61 24.2259
62 23.617
63 23.0748
64 22.4613
65 21.8177
66 21.1792
67 20.6576
68 20.0907
69 19.4571
70 18.8331
71 18.1766
72 17.5577
73 16.9581
74 16.2251
75 15.554
76 14.9005
77 14.6774
78 13.6348
79 13.7604
80 12.5083
81 11.8574
82 11.1651
83 10.5344
84 9.89125
85 9.36948
86 8.68879
87 8.1368
88 7.47487
89 6.91054
90 6.26392
91 5.73415
92 5.13215
93 4.5188
94 3.90323
95 3.31513
96 2.58401
97 1.90242
98 1.26364
99 0.733852
100 0.0526905
