0 14.4939
1 14.4665
2 14.4244
3 14.209
4 14.105
5 13.9605
6 13.854
7 13.7409
8 13.6255
9 13.538
10 13.3555
11 13.2465
12 13.1249
13 12.998
14 12.9035
15 12.7845
16 12.6925
17 12.5306
18 12.4536
19 12.31
20 12.1865
21 12.043
22 11.9575
23 11.8365
24 11.7046
25 11.5814
26 11.506
27 11.3585
28 11.2195
29 11.0891
30 10.9764
31 10.859
32 10.7856
33 10.6235
34 10.5
35 10.3885
36 10.2094
37 10.0845
38 9.98402
39 9.88853
40 9.71651
41 9.588
42 9.48095
43 9.35602
44 9.21059
45 9.07254
46 8.99696
47 8.82745
48 8.64649
49 8.55696
50 8.425
51 8.29256
52 8.16846
53 8.0409
54 7.8764
55 7.79653
56 7.60746
57 7.48301
58 7.32505
59 7.2701
60 7.08652
61 6.93452
62 6.79052
63 6.67751
64 6.48248
65 6.302
66 6.19054
67 5.96941
68 5.78594
69 5.64051
70 5.44858
71 5.26202
72 5.11706
73 4.93097
74 4.75299
75 4.56846
76 4.43602
77 4.22406
78 4.11654
79 3.88694
80 3.79646
81 3.57556
82 3.47698
83 3.27456
84 3.09443
85 2.94209
86 2.78997
87 2.63
88 2.46859
89 2.34056
90 2.17354
91 2.01941
92 1.83797
93 1.65951
94 1.43397
95 1.28949
96 1.10602
97 0.910521
98 0.734568
99 0.522494
100 0.000476837
