0 11.1765
1 11.1775
2 11.2165
3 11.1605
4 11.24
5 11.2234
6 11.171
7 11.1946
8 11.188
9 11.8685
10 11.2085
11 11.174
12 11.1675
13 11.2031
14 11.1885
15 11.2475
16 11.187
17 11.1851
18 11.2
19 11.1766
20 11.1855
21 11.1976
22 11.1749
23 11.2245
24 11.5061
25 11.1755
26 11.2175
27 11.2445
28 11.1724
29 11.1771
30 11.2065
31 11.17
32 11.188
33 11.2035
34 11.1716
35 11.1945
36 11.1636
37 11.2004
38 11.202
39 11.1946
40 11.191
41 11.1749
42 11.235
43 11.18
44 11.1755
45 11.176
46 11.191
47 11.1959
48 11.1949
49 11.194
50 11.1755
51 11.1846
52 11.1696
53 11.1719
54 11.2025
55 11.179
56 11.207
57 11.199
58 11.204
59 11.1625
60 11.2075
61 11.202
62 11.2004
63 11.1926
64 11.1895
65 11.1794
66 11.223
67 11.1705
68 11.189
69 11.2284
70 11.3075
71 11.2075
72 11.2145
73 11.2056
74 11.2181
75 11.1915
76 11.179
77 11.2309
78 11.183
79 11.1974
80 11.1974
81 11.1645
82 11.2425
83 11.1666
84 11.2005
85 11.1775
86 11.2035
87 11.1769
88 11.1924
89 11.2035
90 11.2289
91 11.219
92 11.2596
93 11.1635
94 11.1865
95 11.1835
96 11.166
97 11.2095
98 11.186
99 11.281
100 11.2095
