0 14.2856
1 14.3805
2 14.3499
3 14.2765
4 14.2649
5 14.348
6 14.2795
7 14.2355
8 14.2895
9 14.259
10 14.4731
11 14.245
12 14.2391
13 14.353
14 14.3416
15 14.5035
16 14.3631
17 14.395
18 14.4235
19 14.5085
20 14.299
21 14.2655
22 14.3
23 14.276
24 14.2754
25 14.2565
26 14.3205
27 14.2695
28 14.4935
29 14.2826
30 14.2975
31 14.3626
32 14.2885
33 14.2865
34 14.2775
35 14.2735
36 14.3454
37 14.2746
38 14.294
39 14.2546
40 14.249
41 14.34
42 14.3485
43 14.262
44 14.256
45 14.3216
46 14.3329
47 14.254
48 14.262
49 14.2821
50 14.2465
51 14.2595
52 14.233
53 14.231
54 14.266
55 14.256
56 14.258
57 14.418
58 14.4966
59 14.4199
60 14.4401
61 14.272
62 14.2915
63 14.2895
64 14.266
65 14.3075
66 14.4399
67 14.238
68 14.2665
69 14.284
70 14.2705
71 14.284
72 14.2785
73 14.442
74 14.4221
75 14.4246
76 14.4215
77 14.3504
78 14.3505
79 14.8771
80 14.271
81 14.308
82 14.938
83 14.2615
84 14.398
85 14.2599
86 14.3105
87 14.4075
88 14.259
89 14.2879
90 14.2555
91 14.3325
92 14.3111
93 14.2785
94 14.258
95 14.2629
96 14.4625
97 14.2344
98 14.2316
99 14.459
100 14.3355
