0 16.078
1 16.03
2 15.9495
3 15.771
4 15.6265
5 15.4974
6 15.3551
7 15.252
8 15.2885
9 14.966
10 14.8056
11 14.645
12 14.508
13 14.3815
14 14.272
15 14.1054
16 13.9794
17 13.8285
18 13.701
19 13.561
20 13.4325
21 13.3175
22 13.185
23 13.0154
24 12.907
25 12.7765
26 12.6051
27 12.46
28 12.3351
29 12.202
30 12.0529
31 11.903
32 11.7716
33 11.6725
34 11.8796
35 11.4015
36 11.2355
37 11.1005
38 10.9525
39 10.797
40 10.651
41 10.4835
42 10.3616
43 10.2295
44 10.0775
45 9.93752
46 9.83405
47 9.65941
48 9.47797
49 9.377
50 9.23407
51 9.1325
52 8.95393
53 8.77452
54 8.64053
55 8.47256
56 8.322
57 8.13258
58 7.98404
59 7.83849
60 7.66647
61 7.54559
62 7.34997
63 7.17652
64 7.01749
65 6.81758
66 6.65951
67 6.47509
68 6.27398
69 6.1121
70 5.93197
71 5.7205
72 5.5095
73 5.39148
74 5.1105
75 4.93157
76 4.807
77 4.56595
78 4.38297
79 4.20046
80 4.09544
81 3.86846
82 3.68392
83 3.52299
84 3.35252
85 3.15046
86 2.95198
87 2.82204
88 2.63393
89 2.46906
90 2.27058
91 2.12002
92 1.93548
93 1.70898
94 1.49202
95 1.33109
96 1.11008
97 0.923514
98 0.739455
99 0.516891
100 0
