0 2.14577e-06
1 1.90735e-06
2 2.14577e-06
3 1.90735e-06
4 1.90735e-06
5 2.14577e-06
6 9.53674e-07
7 1.90735e-06
8 1.90735e-06
9 2.14577e-06
10 2.14577e-06
11 1.90735e-06
12 2.86102e-06
13 1.90735e-06
14 1.90735e-06
15 2.14577e-06
16 1.90735e-06
17 1.90735e-06
18 2.14577e-06
19 1.90735e-06
20 2.14577e-06
21 2.14577e-06
22 1.90735e-06
23 2.14577e-06
24 9.53674e-07
25 1.90735e-06
26 1.90735e-06
27 1.90735e-06
28 2.14577e-06
29 1.90735e-06
30 1.90735e-06
31 1.90735e-06
32 2.14577e-06
33 1.90735e-06
34 9.53674e-07
35 1.90735e-06
36 2.14577e-06
37 1.90735e-06
38 1.90735e-06
39 2.14577e-06
40 1.90735e-06
41 1.90735e-06
42 9.53674e-07
43 1.90735e-06
44 9.53674e-07
45 1.90735e-06
46 1.90735e-06
47 9.53674e-07
48 9.53674e-07
49 1.19209e-06
50 1.19209e-06
51 1.19209e-06
52 2.14577e-06
53 9.53674e-07
54 1.19209e-06
55 9.53674e-07
56 2.14577e-06
57 1.90735e-06
58 9.53674e-07
59 9.53674e-07
60 1.19209e-06
61 9.53674e-07
62 9.53674e-07
63 9.53674e-07
64 9.53674e-07
65 1.19209e-06
66 1.19209e-06
67 1.19209e-06
68 1.19209e-06
69 9.53674e-07
70 1.19209e-06
71 9.53674e-07
72 1.19209e-06
73 1.19209e-06
74 9.53674e-07
75 9.53674e-07
76 9.53674e-07
77 9.53674e-07
78 9.53674e-07
79 9.53674e-07
80 9.53674e-07
81 9.53674e-07
82 1.19209e-06
83 9.53674e-07
84 9.53674e-07
85 9.53674e-07
86 9.53674e-07
87 0
88 9.53674e-07
89 9.53674e-07
90 9.53674e-07
91 0
92 9.53674e-07
93 0
94 9.53674e-07
95 0
96 0
97 0
98 0
99 0
100 0
