0 16.2491
1 16.3291
2 16.1021
3 15.9265
4 16.04
5 15.6935
6 15.505
7 15.39
8 15.218
9 15.143
10 15.1119
11 14.8455
12 14.6945
13 14.5565
14 14.4095
15 15.0125
16 14.1385
17 13.9865
18 13.819
19 13.6795
20 13.5245
21 13.381
22 13.2899
23 13.347
24 12.9975
25 12.8491
26 12.661
27 12.542
28 12.4315
29 12.2645
30 12.1055
31 12.251
32 11.8126
33 11.6911
34 11.5061
35 11.394
36 11.2475
37 11.106
38 11.021
39 10.813
40 10.636
41 10.4954
42 10.325
43 10.2035
44 10.0336
45 10.6674
46 9.763
47 9.60398
48 9.40907
49 9.31847
50 9.1095
51 9.058
52 8.82149
53 8.66354
54 8.57401
55 8.32999
56 8.18002
57 8.00598
58 7.83694
59 7.68602
60 7.50959
61 7.36296
62 7.15899
63 7.0051
64 6.81555
65 6.62708
66 6.45006
67 6.2685
68 6.078
69 5.88
70 5.68652
71 5.50401
72 5.28502
73 5.06091
74 4.8635
75 4.67145
76 4.45652
77 4.26507
78 4.05395
79 3.92044
80 3.79741
81 3.58307
82 3.39496
83 3.22092
84 3.04604
85 2.87402
86 2.69198
87 2.5295
88 2.3365
89 2.1615
90 1.97601
91 1.81949
92 1.64998
93 1.48356
94 1.31798
95 1.16861
96 1.02353
97 0.874519
98 0.731945
99 0.485539
100 0.056982
