0 1.90735e-06
1 2.14577e-06
2 1.90735e-06
3 1.90735e-06
4 1.90735e-06
5 1.90735e-06
6 1.90735e-06
7 2.14577e-06
8 9.53674e-07
9 2.14577e-06
10 1.90735e-06
11 1.90735e-06
12 1.90735e-06
13 1.90735e-06
14 2.14577e-06
15 2.14577e-06
16 9.53674e-07
17 1.90735e-06
18 2.14577e-06
19 2.14577e-06
20 1.90735e-06
21 9.53674e-07
22 1.90735e-06
23 1.90735e-06
24 1.90735e-06
25 2.14577e-06
26 1.90735e-06
27 1.90735e-06
28 1.90735e-06
29 1.90735e-06
30 9.53674e-07
31 1.90735e-06
32 1.90735e-06
33 1.90735e-06
34 1.90735e-06
35 1.90735e-06
36 9.53674e-07
37 9.53674e-07
38 9.53674e-07
39 1.90735e-06
40 9.53674e-07
41 2.14577e-06
42 1.90735e-06
43 9.53674e-07
44 9.53674e-07
45 9.53674e-07
46 9.53674e-07
47 9.53674e-07
48 9.53674e-07
49 1.19209e-06
50 1.19209e-06
51 1.19209e-06
52 9.53674e-07
53 1.19209e-06
54 2.14577e-06
55 1.90735e-06
56 1.19209e-06
57 9.53674e-07
58 9.53674e-07
59 1.19209e-06
60 9.53674e-07
61 9.53674e-07
62 9.53674e-07
63 9.53674e-07
64 1.90735e-06
65 9.53674e-07
66 9.53674e-07
67 9.53674e-07
68 9.53674e-07
69 1.19209e-06
70 9.53674e-07
71 9.53674e-07
72 9.53674e-07
73 9.53674e-07
74 9.53674e-07
75 1.19209e-06
76 9.53674e-07
77 1.19209e-06
78 9.53674e-07
79 9.53674e-07
80 9.53674e-07
81 1.19209e-06
82 9.53674e-07
83 9.53674e-07
84 9.53674e-07
85 0
86 9.53674e-07
87 9.53674e-07
88 9.53674e-07
89 9.53674e-07
90 9.53674e-07
91 9.53674e-07
92 0
93 0
94 0
95 0
96 0
97 0
98 0
99 0
100 0
