0 11.1345
1 11.0769
2 11.109
3 11.104
4 11.102
5 11.1195
6 11.157
7 11.081
8 11.102
9 11.1159
10 11.0595
11 11.1791
12 11.149
13 11.0325
14 11.043
15 11.0714
16 11.297
17 11.165
18 11.1495
19 11.1049
20 11.0894
21 11.2056
22 11.175
23 11.0894
24 11.086
25 11.07
26 11.1285
27 11.078
28 11.0785
29 11.3001
30 11.0979
31 11.0525
32 11.1085
33 11.0974
34 11.0894
35 11.0955
36 11.1306
37 11.057
38 11.214
39 11.1145
40 11.0766
41 11.0515
42 11.0605
43 11.0435
44 11.1356
45 11.122
46 11.1325
47 11.161
48 11.1641
49 11.1015
50 11.111
51 11.1409
52 11.14
53 11.181
54 11.116
55 11.1021
56 11.1356
57 11.0984
58 11.1001
59 11.0885
60 11.0769
61 11.108
62 11.1536
63 11.2355
64 11.1641
65 11.0724
66 11.1226
67 11.061
68 11.1049
69 11.041
70 11.34
71 11.1154
72 11.0925
73 11.0995
74 11.0639
75 11.2846
76 11.047
77 11.0955
78 11.0855
79 11.0795
80 11.0844
81 11.059
82 11.0869
83 11.0745
84 11.106
85 11.0661
86 11.042
87 11.1085
88 11.07
89 11.0935
90 11.0705
91 11.061
92 11.1705
93 11.2985
94 11.107
95 11.0669
96 11.0745
97 11.2829
98 11.323
99 11.1084
100 11.0871
