0 2.14577e-06
1 1.90735e-06
2 1.90735e-06
3 1.90735e-06
4 1.90735e-06
5 1.90735e-06
6 2.14577e-06
7 1.90735e-06
8 1.90735e-06
9 1.90735e-06
10 1.90735e-06
11 2.14577e-06
12 1.90735e-06
13 2.14577e-06
14 1.90735e-06
15 1.90735e-06
16 1.90735e-06
17 2.14577e-06
18 1.90735e-06
19 1.90735e-06
20 1.90735e-06
21 2.14577e-06
22 9.53674e-07
23 2.14577e-06
24 2.14577e-06
25 1.90735e-06
26 1.90735e-06
27 2.14577e-06
28 1.90735e-06
29 2.14577e-06
30 2.14577e-06
31 1.90735e-06
32 1.90735e-06
33 1.90735e-06
34 2.14577e-06
35 1.90735e-06
36 2.14577e-06
37 1.90735e-06
38 1.90735e-06
39 1.90735e-06
40 1.90735e-06
41 1.90735e-06
42 9.53674e-07
43 1.90735e-06
44 2.14577e-06
45 2.14577e-06
46 1.90735e-06
47 1.19209e-06
48 9.53674e-07
49 1.90735e-06
50 1.90735e-06
51 1.90735e-06
52 1.90735e-06
53 1.90735e-06
54 9.53674e-07
55 1.90735e-06
56 1.90735e-06
57 9.53674e-07
58 1.90735e-06
59 9.53674e-07
60 1.90735e-06
61 1.90735e-06
62 9.53674e-07
63 9.53674e-07
64 1.19209e-06
65 1.90735e-06
66 9.53674e-07
67 9.53674e-07
68 9.53674e-07
69 9.53674e-07
70 9.53674e-07
71 9.53674e-07
72 1.90735e-06
73 9.53674e-07
74 9.53674e-07
75 9.53674e-07
76 9.53674e-07
77 9.53674e-07
78 9.53674e-07
79 1.19209e-06
80 9.53674e-07
81 9.53674e-07
82 1.19209e-06
83 9.53674e-07
84 1.19209e-06
85 9.53674e-07
86 9.53674e-07
87 9.53674e-07
88 9.53674e-07
89 9.53674e-07
90 1.19209e-06
91 9.53674e-07
92 0
93 9.53674e-07
94 9.53674e-07
95 0
96 0
97 0
98 0
99 0
100 0
