0 14.0568
1 14.0532
2 13.9858
3 13.9491
4 14.0316
5 13.973
6 13.9875
7 13.9987
8 13.9448
9 14.0776
10 13.9817
11 13.9844
12 13.9827
13 13.7959
14 13.8229
15 13.9409
16 13.9996
17 13.9874
18 13.9846
19 13.9691
20 13.9811
21 13.8781
22 13.9469
23 13.9591
24 13.9583
25 13.9645
26 13.9837
27 13.9672
28 13.9417
29 13.9722
30 13.9597
31 13.9738
32 13.96
33 13.9484
34 13.8117
35 13.9512
36 13.9456
37 13.9933
38 13.9684
39 13.9692
40 13.9874
41 13.9382
42 13.964
43 13.9622
44 13.9651
45 13.9991
46 13.9731
47 13.9292
48 13.9578
49 13.9435
50 13.9836
51 13.9675
52 13.9489
53 13.9687
54 13.9868
55 13.9709
56 13.9693
57 13.9445
58 13.9116
59 13.9372
60 13.9502
61 13.9574
62 13.9454
63 13.9412
64 13.9477
65 13.8945
66 13.9751
67 13.955
68 13.9456
69 13.9425
70 13.9461
71 13.9491
72 13.9416
73 13.9399
74 13.9511
75 13.9633
76 13.9594
77 13.9552
78 13.9571
79 13.9536
80 13.9826
81 13.9526
82 13.9633
83 13.9636
84 13.9701
85 13.9528
86 13.9404
87 13.9385
88 13.9653
89 13.9493
90 13.9529
91 13.957
92 13.947
93 13.9425
94 13.9817
95 13.979
96 13.9607
97 13.9483
98 13.9447
99 13.9623
100 13.9545
