0 13.5965
1 13.4206
2 13.3904
3 13.2616
4 13.7075
5 13.1205
6 12.9335
7 12.838
8 12.7015
9 13.014
10 12.576
11 12.403
12 12.3661
13 12.184
14 12.0775
15 12.0405
16 11.9284
17 11.8165
18 12.069
19 11.5484
20 11.494
21 11.3471
22 11.3885
23 11.2165
24 11.0515
25 10.974
26 10.959
27 10.7265
28 10.6455
29 10.596
30 10.401
31 10.323
32 10.1955
33 10.4445
34 10.3575
35 10.19
36 9.6606
37 9.51993
38 9.45652
39 9.359
40 9.24444
41 9.09543
42 8.99351
43 8.90851
44 8.7775
45 8.64804
46 8.60894
47 8.46994
48 8.36396
49 8.27706
50 8.13556
51 8.28397
52 7.92801
53 7.82549
54 7.64847
55 7.76803
56 7.40445
57 7.29144
58 7.16996
59 7.09999
60 6.89554
61 6.832
62 6.67608
63 6.77443
64 6.67393
65 6.32095
66 6.37496
67 6.02496
68 5.92399
69 5.76055
70 5.68247
71 5.5865
72 5.59199
73 5.24998
74 5.39243
75 5.02503
76 4.86004
77 4.69446
78 4.5855
79 4.46498
80 4.35793
81 5.1595
82 3.99101
83 3.80898
84 3.62742
85 3.49498
86 3.36504
87 3.21603
88 3.05951
89 2.93708
90 2.82657
91 2.69508
92 2.62046
93 2.53844
94 2.36547
95 2.23553
96 2.05398
97 1.85299
98 1.50299
99 0.890493
100 0.000476837
