0 14.724
1 15.1529
2 14.707
3 14.8915
4 14.733
5 14.606
6 14.151
7 14.05
8 14.2391
9 13.7655
10 14.0655
11 13.8124
12 13.761
13 13.5679
14 13.508
15 13.2971
16 12.9695
17 12.7885
18 13.0295
19 12.558
20 12.454
21 12.6275
22 12.6255
23 12.0925
24 11.9694
25 11.8464
26 12.0569
27 11.5465
28 11.605
29 11.3596
30 11.3341
31 11.0625
32 10.9891
33 10.8039
34 10.7585
35 10.6394
36 10.5134
37 10.3765
38 10.2119
39 10.164
40 9.974
41 9.87852
42 9.67097
43 9.57799
44 9.52649
45 9.31144
46 9.16302
47 9.251
48 8.95047
49 8.75247
50 8.60703
51 8.54194
52 8.36003
53 8.20589
54 8.05509
55 7.918
56 7.82204
57 7.6164
58 7.54499
59 7.41744
60 7.23696
61 7.06804
62 6.93548
63 6.77943
64 6.85358
65 6.48558
66 6.34444
67 6.23
68 6.17158
69 6.15847
70 5.83899
71 5.61798
72 5.50842
73 5.57697
74 5.18703
75 5.09953
76 5.02753
77 4.72152
78 4.61197
79 4.42553
80 4.32503
81 4.09496
82 3.91448
83 3.73602
84 3.636
85 3.60644
86 3.30448
87 3.17001
88 3.01504
89 2.85196
90 2.83253
91 2.702
92 2.58601
93 2.4426
94 2.30598
95 2.159
96 1.98901
97 1.83499
98 1.69098
99 1.61147
100 0.0514984
