0 19.577
1 19.3429
2 19.662
3 19.3554
4 19.1015
5 19.6317
6 18.6507
7 18.5134
8 18.3952
9 18.3163
10 18.3176
11 18.0002
12 17.7467
13 17.6871
14 17.4682
15 17.9557
16 17.1929
17 17.3735
18 16.897
19 16.8258
20 16.611
21 16.5091
22 16.7095
23 16.1069
24 16.0588
25 16.2621
26 15.8008
27 15.6507
28 15.6581
29 15.4035
30 15.2387
31 15.0947
32 14.9337
33 14.8566
34 14.6977
35 14.8718
36 14.4809
37 14.8833
38 14.3335
39 14.0468
40 14.2153
41 14.1591
42 13.5867
43 13.471
44 13.6698
45 13.5242
46 12.9507
47 13.2551
48 12.5701
49 12.4447
50 12.2059
51 12.435
52 12.0219
53 12.2529
54 11.9288
55 11.9538
56 11.5142
57 11.1163
58 10.9034
59 10.76
60 10.5119
61 10.3472
62 10.1532
63 9.93156
64 9.75524
65 9.61145
66 9.28783
67 9.21798
68 9.02518
69 8.80294
70 8.72024
71 8.46004
72 8.195
73 8.03383
74 7.78331
75 7.59355
76 7.39821
77 7.32035
78 7.29826
79 6.71744
80 6.54043
81 6.24463
82 6.08908
83 5.786
84 5.56525
85 5.3441
86 5.15368
87 4.95079
88 4.84443
89 4.57663
90 4.39845
91 4.21927
92 3.99298
93 3.78039
94 3.5584
95 3.32154
96 3.00805
97 2.65654
98 2.05782
99 1.16679
100 0.000105964
