639,165
305,340
225,298
516,369
263,329
429,810
389,452
322,083
614,351
430,600
384,922
417,904
540,148
489,594
651,999
569,622
530,854
564,975
614,508
596,514
785,344
701,450
685,509
814,061
666,489
728,172
745,909
752,890
1,105,844
899,453
875,514
910,807
1,080,958
959,722
1,030,755
943,829
942,838
968,599
1,151,003
1,058,582
1,073,563
1,060,746
2,063,314
1,428,452
1,314,197
1,600,457
1,241,775
1,497,218
1,426,165
1,204,475
1,211,362
1,207,540
1,449,143
1,279,327
1,244,612
1,762,451
1,222,489
1,199,117
1,414,512
1,268,135
1,240,389
1,168,936
1,186,673
1,696,494
1,146,238
1,239,588
1,117,063
1,105,443
1,302,569
993,045
1,089,707
1,001,647
1,124,438
941,691
900,918
1,187,751
846,851
888,421
834,658
747,515
1,158,959
646,832
611,156
1,126,556
680,299
577,390
588,867
480,738
453,880
420,368
497,884
418,839
521,836
457,442
350,520
281,230
217,851
269,786
239,069
120,290
24,215
