661656
278958
780750
269940
252764
360798
1409232
284025
469979
361254
352119
428981
685979
395478
409760
450043
467212
518533
541065
938898
665040
756224
677072
743944
739602
1016448
903928
782045
1205548
1114724
3265985
1636682
1125319
883065
4227644
2913195
1210280
1824541
1194227
1051636
1018218
1036082
1475677
1323112
1902635
1157746
1226890
1278204
1727157
1823800
1160725
1502467
1616989
1289857
1298254
1501547
1190926
1283636
1273987
1488878
1218951
1102197
1144795
1080760
1095661
1105937
1072714
1037678
1326366
946671
945177
977367
1857382
1255568
992087
835961
1118113
967011
799397
775246
653659
860864
550672
1137991
523607
552520
555557
646669
496530
440961
623074
398761
365866
519215
269296
588136
257968
258969
171548
189085
118117
