 0 261729
 1 172792
 2 309147
 3 475247
 4 395750
 5 847467
 6 332575
 7 279892
 8 505770
 9 495476
 10 569066
 11 490018
 12 468028
 13 501043
 14 868491
 15 459723
 16 502065
 17 713209
 18 768349
 19 594669
 20 1163868
 21 980783
 22 983802
 23 1178887
 24 934525
 25 781338
 26 737205
 27 1212667
 28 982836
 29 826609
 30 896509
 31 1229756
 32 1115860
 33 963954
 34 1226317
 35 934482
 36 1500274
 37 1142808
 38 1073342
 39 1159913
 40 1056416
 41 1280496
 42 1095612
 43 1774061
 44 1187346
 45 1265828
 46 1263088
 47 1201358
 48 1314867
 49 1208451
 50 1273770
 51 1295214
 52 1455243
 53 1242231
 54 1296821
 55 2152426
 56 1455677
 57 1316830
 58 1294845
 59 1217518
 60 1249492
 61 1765396
 62 1273236
 63 1232014
 64 1166502
 65 1083124
 66 1104256
 67 1155966
 68 1905144
 69 1034882
 70 1040069
 71 967839
 72 1240083
 73 1041330
 74 911240
 75 898551
 76 1329621
 77 769993
 78 839503
 79 836546
 80 731102
 81 676859
 82 680885
 83 625684
 84 613529
 85 592154
 86 595466
 87 693952
 88 534709
 89 421973
 90 403308
 91 376392
 92 444031
 93 396104
 94 320055
 95 264355
 96 247673
 97 191406
 98 203368
 99 114286
 100 203829
