184,876
299,139
226,701
381,075
341,099
239,315
346,600
389,477
481,823
326,227
448,322
969,538
636,574
2,981,839
717,120
1,271,283
597,948
727,099
649,333
733,865
649,855
771,487
648,552
976,258
803,474
770,588
913,309
747,750
890,562
775,316
802,845
998,306
820,859
883,936
876,574
988,840
943,410
1,688,168
1,010,468
1,074,761
1,015,707
1,160,773
1,268,197
1,093,523
1,141,887
1,284,270
1,243,644
1,147,627
1,282,738
1,152,848
1,164,353
1,474,741
1,218,105
1,647,879
1,353,147
1,224,811
1,576,153
1,503,963
1,660,261
1,240,826
1,422,531
1,202,650
1,212,935
1,283,259
1,292,258
1,294,310
1,450,901
1,225,916
1,284,922
1,421,650
1,238,024
1,029,161
1,097,976
945,276
1,047,470
826,056
854,238
743,816
1,164,600
719,524
779,537
618,840
677,103
639,959
640,340
855,635
671,861
637,707
427,757
392,292
393,313
408,100
322,264
282,282
347,066
306,608
335,000
249,394
215,004
485,747
25,303
