675,150
440,632
753,052
1,272,359
1,463,455
1,865,209
4,894,106
2,481,070
2,897,713
3,170,491
3,776,997
3,899,403
4,419,015
4,849,815
5,599,040
5,153,476
5,533,982
6,609,250
6,049,133
6,470,815
6,619,258
7,187,485
7,256,338
7,344,825
7,691,336
8,485,534
8,193,784
8,642,676
8,792,738
9,091,423
9,267,165
9,525,532
9,850,412
10,046,271
10,274,419
10,529,365
10,760,901
11,033,044
11,139,908
11,197,665
11,370,726
11,563,395
11,659,845
11,661,974
11,717,422
11,855,776
11,872,017
11,934,402
11,583,281
11,545,846
11,272,488
11,068,921
10,911,397
10,841,105
10,364,740
10,151,820
10,033,393
9,917,934
9,379,036
9,153,562
8,486,621
7,983,366
7,541,252
7,270,347
6,837,452
6,777,185
6,302,638
5,915,096
5,788,541
5,297,240
5,155,556
4,845,998
4,512,604
4,388,546
4,134,392
3,878,064
3,676,192
3,796,568
3,193,833
2,966,446
2,832,174
2,608,475
2,346,835
2,272,008
2,034,982
1,743,985
1,621,626
1,390,889
1,222,479
1,079,206
914,208
837,677
654,810
538,140
459,967
364,701
260,803
219,769
212,119
160,327
71,106
