0 4962677
1 4970553
2 4950800
3 4912457
4 4933072
5 4850643
6 4849247
7 4802013
8 4769076
9 4758614
10 4709501
11 4707188
12 4642572
13 4637060
14 4615647
15 4610116
16 4548025
17 4534599
18 4482811
19 4461282
20 4427701
21 4395607
22 4372473
23 4376683
24 4329413
25 4287409
26 4256800
27 4218292
28 4180166
29 4164007
30 4126797
31 4110776
32 4079835
33 4062707
34 4018735
35 3991209
36 3944627
37 3938698
38 3901389
39 3886337
40 3836373
41 3796686
42 3807898
43 3747653
44 3711189
45 3718354
46 3670937
47 3645721
48 3407481
49 3300387
50 3288338
51 3246423
52 3205143
53 3189782
54 3179991
55 3159617
56 3131771
57 3086750
58 3046799
59 3022957
60 3003033
61 2989366
62 2967360
63 2928934
64 2886270
65 2882128
66 2850965
67 2813748
68 2791262
69 2755028
70 2718722
71 2694208
72 2680307
73 2658511
74 2530851
75 2467591
76 2423241
77 2415222
78 2374510
79 2347084
80 2316574
81 2283029
82 2263184
83 2233620
84 2206842
85 2177352
86 2149627
87 2066701
88 2028532
89 2006291
90 1970516
91 1947157
92 1921075
93 1893176
94 1830469
95 1802892
96 1779133
97 1729518
98 1691198
99 1531078
100 372640
